1.02113e+11 2.95706e-17 1.10503e+08 1.96224e+06 0.88901 2.7594e+15
1.00706e+11 2.95706e-17 1.10043e+08 1.96224e+06 0.88901 5.51881e+15
9.93002e+10 2.95706e-17 1.09461e+08 1.93769e+06 0.890399 8.24368e+15
9.7894e+10 2.93025e-17 1.08786e+08 1.92333e+06 0.890216 1.09484e+16
9.64878e+10 2.91616e-17 1.08036e+08 1.91157e+06 0.89036 1.36365e+16
9.50816e+10 2.90032e-17 1.07226e+08 1.89936e+06 0.890465 1.63075e+16
9.36754e+10 2.88611e-17 1.06365e+08 1.8884e+06 0.890561 1.89631e+16
9.22692e+10 2.87444e-17 1.0546e+08 1.88147e+06 0.89052 2.16089e+16
9.0863e+10 2.86583e-17 1.04516e+08 1.87757e+06 0.890419 2.42492e+16
8.94568e+10 2.85827e-17 1.03538e+08 1.87648e+06 0.890192 2.6888e+16
8.80506e+10 2.84912e-17 1.0253e+08 1.87703e+06 0.889807 2.95276e+16
8.66444e+10 2.83691e-17 1.01497e+08 1.87711e+06 0.889328 3.21673e+16
8.52382e+10 2.8238e-17 1.00444e+08 1.87477e+06 0.888953 3.48037e+16
8.38321e+10 2.81549e-17 9.93734e+07 1.87412e+06 0.888664 3.74391e+16
8.24259e+10 2.822e-17 9.82841e+07 1.88097e+06 0.888515 4.00843e+16
8.10197e+10 2.8502e-17 9.71711e+07 1.90153e+06 0.888411 4.27583e+16
7.96135e+10 2.97054e-17 9.60221e+07 1.94668e+06 0.89039 4.54958e+16
7.82073e+10 3.16436e-17 9.4778e+07 2.09456e+06 0.889287 4.84413e+16
7.68012e+10 3.30752e-17 9.34318e+07 2.25693e+06 0.885868 5.16151e+16
7.5395e+10 3.40106e-17 9.20088e+07 2.38109e+06 0.882901 5.49635e+16
7.39888e+10 3.49017e-17 9.05117e+07 2.50647e+06 0.879882 5.84882e+16
7.25827e+10 3.59375e-17 8.89309e+07 2.6545e+06 0.876455 6.22211e+16
7.11765e+10 3.71058e-17 8.72556e+07 2.82929e+06 0.872465 6.61998e+16
6.97703e+10 3.83285e-17 8.54807e+07 3.02292e+06 0.868084 7.04508e+16
6.83642e+10 3.95914e-17 8.36051e+07 3.23162e+06 0.863475 7.49953e+16
6.6958e+10 4.09486e-17 8.1626e+07 3.46081e+06 0.858639 7.9862e+16
6.55519e+10 4.24883e-17 7.95365e+07 3.72138e+06 0.853504 8.50952e+16
6.41458e+10 4.42848e-17 7.73249e+07 4.02712e+06 0.847899 9.07583e+16
6.27396e+10 4.6345e-17 7.49772e+07 4.38948e+06 0.841583 9.6931e+16
6.13335e+10 4.86043e-17 7.24827e+07 4.81238e+06 0.834394 1.03698e+17
5.99274e+10 5.09917e-17 6.98373e+07 5.29482e+06 0.826322 1.11144e+17
5.85213e+10 5.34893e-17 6.70422e+07 5.83947e+06 0.817401 1.19356e+17
5.71151e+10 5.61361e-17 6.41005e+07 6.45791e+06 0.807584 1.28437e+17
5.5709e+10 5.90099e-17 6.10148e+07 7.17092e+06 0.796744 1.38522e+17
5.43029e+10 6.22162e-17 5.77864e+07 8.00847e+06 0.784703 1.49784e+17
5.28969e+10 6.58773e-17 5.44151e+07 9.01069e+06 0.771222 1.62455e+17
5.14908e+10 7.01187e-17 5.09012e+07 1.02285e+07 0.75601 1.76839e+17
5.00847e+10 7.50604e-17 4.72478e+07 1.17257e+07 0.738712 1.93328e+17
4.86786e+10 8.08196e-17 4.34645e+07 1.35825e+07 0.718904 2.12428e+17
4.72726e+10 8.7514e-17 3.95706e+07 1.58995e+07 0.696122 2.34787e+17
4.58666e+10 9.52618e-17 3.55989e+07 1.88017e+07 0.669881 2.61227e+17
4.44605e+10 1.04182e-16 3.15981e+07 2.24422e+07 0.639699 2.92786e+17
4.30545e+10 1.14406e-16 2.76333e+07 2.7007e+07 0.605162 3.30765e+17
4.16485e+10 1.26125e-16 2.3782e+07 3.27231e+07 0.566044 3.76782e+17
4.02426e+10 1.39679e-16 2.01252e+07 3.98812e+07 0.522439 4.32865e+17
3.88366e+10 1.55663e-16 1.6737e+07 4.88749e+07 0.474837 5.01595e+17
3.74307e+10 1.75067e-16 1.36739e+07 6.02734e+07 0.424144 5.86355e+17
3.60248e+10 1.99583e-16 1.09676e+07 7.49766e+07 0.37166 6.9179e+17
3.46189e+10 2.31888e-16 8.6256e+06 9.44361e+07 0.318835 8.24591e+17
3.3213e+10 2.75121e-16 6.64277e+06 1.20544e+08 0.267153 9.94106e+17
3.18072e+10 3.3192e-16 5.01041e+06 1.55115e+08 0.218349 1.21224e+18
3.04015e+10 4.04942e-16 3.70958e+06 1.99899e+08 0.174325 1.49334e+18
2.89957e+10 4.99946e-16 2.70154e+06 2.58206e+08 0.136156 1.85645e+18
2.75901e+10 6.28194e-16 1.9354e+06 3.36493e+08 0.104068 2.32964e+18
2.61845e+10 8.08868e-16 1.36065e+06 4.46022e+08 0.077702 2.95686e+18
2.47789e+10 1.07488e-15 934044 6.06372e+08 0.0564345 3.80957e+18
2.33735e+10 1.48545e-15 621284 8.52926e+08 0.0396166 5.009e+18
2.19681e+10 2.15273e-15 396145 1.25275e+09 0.0266514 6.77068e+18
2.05629e+10 3.30041e-15 238754 1.93967e+09 0.0170033 9.49834e+18
1.91578e+10 5.40449e-15 133607 3.19833e+09 0.0101708 1.3996e+19
1.7753e+10 9.57082e-15 67847.5 5.68994e+09 0.00562319 2.19975e+19
1.63483e+10 1.86678e-14 30312.6 1.11294e+10 0.002823 3.76482e+19
1.49439e+10 4.1773e-14 11292.2 2.49442e+10 0.00122809 7.2726e+19
1.354e+10 1.18672e-13 3092.6 7.09202e+10 0.000426366 1.72458e+20
1.21366e+10 5.94644e-13 401.742 3.55491e+11 8.28465e-05 6.72367e+20
1.07339e+10 4.8132e-12 21.6061 2.87765e+12 9.93095e-06 4.71906e+21
9.33226e+09 4.8132e-12 8.53446 2.87765e+12 9.93096e-06 8.76575e+21
7.93228e+09 5.94644e-13 7.85317 3.55491e+11 8.28494e-05 9.26566e+21

