1.02113e+11 1.22796e-17 1.08949e+08 7.3416e+06 0 1.03241e+16
1.00706e+11 1.22796e-17 1.05793e+08 7.3416e+06 0 2.06483e+16
9.93002e+10 1.22796e-17 1.05587e+08 424273 0.94221 2.12449e+16
9.7894e+10 1.25552e-17 1.05365e+08 449467 0.940122 2.18769e+16
9.64878e+10 1.28454e-17 1.05132e+08 469252 0.938899 2.25368e+16
9.50816e+10 1.31512e-17 1.04886e+08 490507 0.937616 2.32266e+16
9.36754e+10 1.34737e-17 1.04625e+08 513378 0.93627 2.39485e+16
9.22692e+10 1.38144e-17 1.04349e+08 538029 0.934857 2.47052e+16
9.0863e+10 1.41746e-17 1.04057e+08 564646 0.933372 2.54992e+16
8.94568e+10 1.4556e-17 1.03746e+08 593437 0.931809 2.63337e+16
8.80506e+10 1.49603e-17 1.03416e+08 624640 0.930164 2.72121e+16
8.66444e+10 1.53896e-17 1.03064e+08 658523 0.928429 2.81382e+16
8.52382e+10 1.58459e-17 1.02689e+08 695391 0.926599 2.9116e+16
8.38321e+10 1.63318e-17 1.02289e+08 735594 0.924665 3.01505e+16
8.24259e+10 1.68499e-17 1.0186e+08 779530 0.92262 3.12467e+16
8.10197e+10 1.74034e-17 1.01401e+08 827659 0.920455 3.24106e+16
7.96135e+10 1.79955e-17 1.00908e+08 880509 0.918161 3.36488e+16
7.82073e+10 1.86302e-17 1.00377e+08 938688 0.915726 3.49688e+16
7.68012e+10 1.93118e-17 9.98059e+07 1.0029e+06 0.913138 3.63792e+16
7.5395e+10 2.00451e-17 9.91889e+07 1.07398e+06 0.910385 3.78895e+16
7.39888e+10 2.08358e-17 9.85214e+07 1.15288e+06 0.907452 3.95107e+16
7.25827e+10 2.16901e-17 9.7798e+07 1.24072e+06 0.904324 4.12555e+16
7.11765e+10 2.26154e-17 9.70122e+07 1.33884e+06 0.900982 4.31382e+16
6.97703e+10 2.36199e-17 9.61569e+07 1.44879e+06 0.897407 4.51755e+16
6.83642e+10 2.47131e-17 9.52241e+07 1.57243e+06 0.893577 4.73868e+16
6.6958e+10 2.59061e-17 9.42046e+07 1.71199e+06 0.889468 4.97943e+16
6.55519e+10 2.72117e-17 9.30881e+07 1.8701e+06 0.885052 5.24241e+16
6.41458e+10 2.86448e-17 9.18629e+07 2.04997e+06 0.8803 5.53069e+16
6.27396e+10 3.02227e-17 9.05158e+07 2.25545e+06 0.875178 5.84786e+16
6.13335e+10 3.19661e-17 8.9032e+07 2.49125e+06 0.869647 6.19819e+16
5.99274e+10 3.38992e-17 8.7395e+07 2.76311e+06 0.863667 6.58675e+16
5.85213e+10 3.60507e-17 8.55865e+07 3.07809e+06 0.857189 7.01961e+16
5.71151e+10 3.8455e-17 8.35866e+07 3.44496e+06 0.850162 7.50406e+16
5.5709e+10 4.11537e-17 8.13734e+07 3.87461e+06 0.842525 8.04892e+16
5.43029e+10 4.41966e-17 7.89242e+07 4.38073e+06 0.834213 8.66497e+16
5.28969e+10 4.76449e-17 7.62153e+07 4.98062e+06 0.825153 9.36536e+16
5.14908e+10 5.15734e-17 7.32237e+07 5.69628e+06 0.815262 1.01664e+17
5.00847e+10 5.60747e-17 6.99282e+07 6.55597e+06 0.804448 1.10883e+17
4.86786e+10 6.12642e-17 6.6312e+07 7.59626e+06 0.792611 1.21566e+17
4.72726e+10 6.72873e-17 6.23654e+07 8.86493e+06 0.779639 1.34032e+17
4.58666e+10 7.43286e-17 5.80895e+07 1.04249e+07 0.76541 1.48692e+17
4.44605e+10 8.26252e-17 5.35007e+07 1.23602e+07 0.74979 1.66073e+17
4.30545e+10 9.24847e-17 4.86349e+07 1.47836e+07 0.732637 1.86863e+17
4.16485e+10 1.04311e-16 4.35514e+07 1.7849e+07 0.713798 2.11963e+17
4.02426e+10 1.18644e-16 3.83346e+07 2.17685e+07 0.693115 2.42575e+17
3.88366e+10 1.36209e-16 3.30928e+07 2.68389e+07 0.670428 2.80317e+17
3.74307e+10 1.58005e-16 2.79527e+07 3.34809e+07 0.645579 3.274e+17
3.60248e+10 1.85424e-16 2.3049e+07 4.23015e+07 0.618422 3.86886e+17
3.46189e+10 2.20446e-16 1.85111e+07 5.41911e+07 0.588833 4.63093e+17
3.3213e+10 2.65949e-16 1.4448e+07 7.04824e+07 0.556724 5.62208e+17
3.18072e+10 3.2621e-16 1.09355e+07 9.32134e+07 0.522061 6.9329e+17
3.04015e+10 4.07752e-16 8.00886e+06 1.25577e+08 0.484881 8.69883e+17
2.89957e+10 5.20819e-16 5.66192e+06 1.72718e+08 0.445321 1.11277e+18
2.75901e+10 6.8203e-16 3.85306e+06 2.43177e+08 0.403637 1.45473e+18
2.61845e+10 9.19367e-16 2.51525e+06 3.51658e+08 0.360231 1.94925e+18
2.47789e+10 1.28198e-15 1.56785e+06 5.2451e+08 0.315669 2.68685e+18
2.33735e+10 1.86048e-15 927492 8.11233e+08 0.27069 3.82764e+18
2.19681e+10 2.83174e-15 516377 1.31005e+09 0.226203 5.6699e+18
2.05629e+10 4.56454e-15 267466 2.22889e+09 0.183261 8.80427e+18
1.91578e+10 7.89098e-15 126842 4.04311e+09 0.143008 1.44899e+19
1.7753e+10 1.4875e-14 53850 7.94535e+09 0.106597 2.5663e+19
1.63483e+10 3.12641e-14 19822 1.72887e+10 0.0750697 4.99753e+19
1.49439e+10 7.55422e-14 6040.97 4.29416e+10 0.0492195 1.10362e+20
1.354e+10 2.19114e-13 1424.45 1.27145e+11 0.0294422 2.8916e+20
1.21366e+10 8.12673e-13 234.835 4.78288e+11 0.0156141 9.61752e+20
1.07339e+10 4.24227e-12 23.156 2.52039e+12 0.00628431 4.50606e+21
9.33226e+09 4.24227e-12 9.65661 2.53633e+12 0 8.07278e+21
7.93228e+09 8.12673e-13 8.54865 4.85874e+11 0 8.75604e+21

